First_Name,Last_Name,User_Name,badge
ash,ketchum,aketchum,1234
brock,harrison,bharrison,5678
misty,williams,mwilliams,9012
